20 0 0 0 -2597.5042 -1730.0002 -8554.998 2.999878 51.5 3
4D 0 16384 0 -2209.0027 -3970 -21870.004 -2.861023E-06 0 0
48 0 16384 0 -2567.9622 -3997 -21658.729 -2.861023E-06 0 2
4 65024 16824 53760 -1809.9917 -3969.9998 -21835.914 180 6.5 2
51 60951 55410 3050 -2894.9324 -2486.7278 -13285.823 240 130 2
47 3 16384 16 -1935.1952 -3970 -21869.998 0 6.6000004 3
50 62464 43520 4864 -3126.6055 -2840.854 -13780.124 120 130 1
41 1024 49152 2 -1399.9951 -3904.9998 -21870.502 -1740 -4020 -21870
41 1024 49152 2 -1199.9951 -3904.9998 -21870.502 -1390 -3900 -21870
4A 0 26906 0 -1150.0013 -2009.8 -6470.003 -0.1 -0.1 0
25 3 0 0 -661.794 -4020 -21940.836 1 1 1
5E 118 57600 4096 -3011.2317 -2668.853 -13431.451 0.9998779 15 14
57 0 49152 0 -902.96295 -4080 -19037.238 0 0 1
7 128 16384 65492 38.995125 -4060.4292 -22489.006 13.999996 61 2.0000005
52 0 49152 65408 -2122.996 -2272 -11919.998 58 0 1
6 0 49152 0 -1397.9954 -4219.381 -19095.004 9.799994 35 0.099999905
10 1 16384 0 -0.00022935867 -1740.0109 -6670.0005 5.499998 0.5 1.5000001
5A 65435 32768 64512 -2612.6206 -4073.8892 -16894.463 1.4000001 0 -1
7 0 49152 0 -2564.996 -1919.9415 -6459.996 13.999878 51 3
7 9212 26880 54216 -305.99652 -717.3088 -2052.0535 10 30 0
46 0 16384 16 -1314.9989 -2010 -6470.003 750 90 3
4A 0 0 0 -844.8595 -4159.6 -20655.582 0 0 0
38 0 15638 0 -2560.958 -2262 -10888.844 3.999878 51.5 -30
53 0 34409 0 -2459.8264 -2400.0002 -10438.088 0 0 1
19 0 0 0 -2481.0105 -2240 -10992.899 6 0 -7.4505806E-08
53 0 50650 0 -2229.5647 -2395 -12019.93 0 0 1
30 0 0 0 -0.88897896 -1953.1 -6363.6704 44.999878 20.000008 60
51 0 64004 0 -2016.1293 -1843 -6474.873 60 2 2
38 62981 50458 0 -2610.6858 -2225.253 -11818.593 3.9999962 62.1 60
30 0 0 0 -1534.9037 -1930.01 -6470.0063 65.000015 60 65
48 0 49152 0 -557.7236 -4317.994 -20384.678 0 0 1
51 0 1094 0 -1374.9945 -1775.0002 -6313.622 100 2 2
13 0 0 0 -2540.0105 -2240 -11009.899 6 0 -7.4505806E-08
0 0 0 0 -1704.9972 -2415 -11847.998 0 0 0
20 0 0 0 -2520.506 -1730.0002 -8554.998 1.9998779 51.5 3
50 826 48360 3890 -2510.2783 -4123.076 -16828.842 120 130 1
38 0 52418 0 -2605.973 -2145.2974 -12529.364 3 130 125
0 0 0 0 -1933.9537 -3930.2817 -19183.137 0 0 0
38 0 52418 0 -2660.9712 -2256.2974 -13054.38 3 200 225
4B 33 0 0 -2664.9956 -1740.0902 -7100.0015 0 0 0
3E 5 1 0 -1138.0038 -2395.002 -11925.96 2 71 120
59 4096 39683 0 -2799.5986 -2471.9617 -13232.236 -10.000122 15 2
47 4 0 16 -685.0035 -4257 -20754.996 0.99999714 1.2999998 110.5
57 0 49152 0 -1972.6831 -3860 -21786.727 -0.3 0 0
53 0 47774 0 -1675.604 -2465 -11871.091 0 0 1
1 65408 65472 0 1.5037479 -1993.4946 -4807.297 30 0 3
3A 1 49152 96 -2610 -2400.0002 -10553.247 -3.0845404E-06 1.7000002 200
3A 2 49028 80 -684.763 -4134.997 -19400.977 -2.861023E-06 2.1999998 110.5
5C 0 16384 0 -2980.735 -3960 -19340.004 -0.40999988 0 0
48 0 16384 0 -809.4426 -4237.994 -20269.135 0 0 1
52 0 49152 65408 -1802.9961 -2298 -11919.998 8 0 1
5 0 49152 0 -636.9957 -4250 -19124.998 -1.4000058 1 1.4999999
37 0 0 3 -2601.5254 -2280 -10850.94 0.8999969 3 3
7 128 16384 65492 38.995125 -4060.6763 -22469.006 13.999996 61 2.0000005
5E 256 16384 1792 -684.7307 -4240 -20414.352 69.99999 11 5
5E 1 61955 2304 -481.9631 -1124.2657 -3389.9995 0.9998779 14 14
7 5019 41897 9714 -348.40732 -356.5424 -1306.6729 9 30 0
21 32 15939 256 -2558.401 -4146 -17859.506 10 -3540 -18700
21 16 2205 0 -2289.9158 -2325.217 -12004.046 1 0 5
30 0 16384 0 -392.49585 -2211 -11920 124 100 40
53 0 179 0 -2155.2751 -2395 -12011.295 0 0 1
7 9074 26880 53595 -306.99652 -698.87415 -2059.0535 10 30 0
50 7558 0 32768 -2559.995 -1886.1807 -9811.417 -0.3 -0.1 0
7 6869 22528 60121 272.59802 -826.757 -2393.6726 11 40 0
50 6436 50787 2427 591.7675 -812.79443 -2648.542 2 26 25
0 0 0 0 541.6121 -911.72784 -2520.1204 0 0 0
0 0 0 0 575.3216 -924.72784 -2584.318 0 0 0
51 0 63818 0 -468.88412 -2290 -11919.356 139 2 1
7 8179 27690 55940 -500.16455 -1389.6908 -3911.9697 12 30 8
0 0 0 0 589.93884 -928.72784 -2685.4805 0 0 0
0 0 0 0 590.5998 -926.72784 -2650.3677 0 0 0
0 0 0 0 583.78613 -933.72784 -2716.8662 0 0 0
5A 0 49152 0 -941.7137 -4147.0894 -19099.553 -0.49999985 0 1
0 0 0 0 553.3956 -955.72784 -2777.2517 0 0 0
1B 0 0 0 -2615.0037 -1730.0001 -8559.996 400 0 3
0 0 0 0 -1940.5769 -4028.2817 -19157.502 0 0 0
49 65452 19301 741 416.25998 -4025.9473 -22053.371 0 0 1
B 63153 54272 4452 180.95686 -790.7251 -2279.281 4 1.4901161E-08 1
0 0 0 0 530.6042 -966.72784 -2805.5588 0 0 0
0 0 0 0 0.80396533 -1990.5698 -4771.881 0 0 0
13 0 0 0 -2615.0037 -1710.0001 -8559.996 400 0 3
7 3 32768 0 -9.659622 -2000.0176 -4990.408 14 30 8
B 0 31274 8192 -286.85217 -1417.6458 -4118.764 2 30 8
13 0 0 0 -2595.0015 -1860.0001 -8310.005 400 0 3
50 7302 0 32768 -2561.919 -1798.2826 -9739.227 -0.3 -0.1 0
57 0 49152 0 -982.96295 -4080 -19037.238 0 0 1
A 0 0 0 -2615.0037 -1710.0001 -8559.996 4 0 3
A 0 60932 0 -2749.157 -4100 -18682.543 2 3 10
13 0 0 0 -2525.0015 -1860.0001 -8310.005 400 0 3
0 0 0 0 -2249.8245 -3048.9985 -14494.805 0 0 0
11 0 0 0 -2505.0015 -1840.0001 -8310.005 400 0 3
23 0 0 0 -2505.0037 -1730.0001 -8559.996 400 0 3
13 0 0 0 -2615.0015 -1880.0001 -8310.005 400 0 3
51 0 48819 0 -676.2058 -4019.9888 -21973.479 100 0 2
13 0 0 0 -2595.0015 -1880.0001 -8310.005 400 0 3
1B 0 0 0 -2540.0105 -2240 -10989.899 6 0 -7.4505806E-08
1B 0 0 0 -2615.0015 -1880.0001 -8290.005 400 0 3
5E 4 49171 0 -2581.555 -1962.7808 -10455.6 4.999878 15 15
56 0 16384 161 -2495.1035 -2180 -11201.051 -3.0845404E-06 2.1 50
4F 0 32768 0 -685.02625 -3963.5808 -21900.2 120 130 1
38 0 15638 0 -2561.1416 -2173 -11027.739 3.999878 71.5 10
5E 53 40960 0 -2593.731 -4137.8423 -17242.322 13.999878 1 14
4E 0 0 0 -1294.9994 -2464.9712 -12007.999 0.49999988 -0.3 -1.4901161E-08
7 0 32768 0 -2521.0022 -2400.0002 -10599.997 8.499995 45 0.4999999
4E 0 0 0 -2295.0227 -2360 -11832.098 0 0 0.049999997
30 0 16384 0 -2003.2032 -2458.4995 -11919.998 46 0 0
59 16384 61440 0 0 132.02141 5 2.999878 1.4901161E-08 0
41 0 49152 15 -1739.9951 -4170 -21870.502 -1200 -3900 -21870
59 60160 0 512 -25.915218 -1781.9581 -4608.4224 -9.000122 1.4901161E-08 0
59 0 53248 768 -2212.8328 -3055.3687 -14515.224 6.999878 0 0
5E 49 11264 64000 -3201.8787 -3559.4702 -15840.58 0.9998779 15 15
0 0 0 0 -2679.094 -4250 -18685.773 0 0 0
38 63988 1228 255 -2174.383 -3172.5603 -15004.461 3 200 225
48 0 49152 0 -1271.6134 -4321 -19101.248 0 130 1
0 0 0 0 -2285.9097 -3043.8984 -14476.396 0 0 0
5E 1 4166 0 -2209.9285 -3058.064 -14516.335 1.9998779 15 15
57 0 32768 0 -2618.3604 -1880 -8245.011 -0.1 -0.1 0
1 2304 52992 61440 -2579.8618 -2997.8984 -14361.909 29.999878 0 8
0 0 0 0 -2614.7556 -2992.8984 -14346.405 0 0 0
57 0 32768 0 -2618.0093 -1730.0002 -8443.549 0 0 0
1 0 55552 63232 -2186.39 -3059.8984 -14534.746 29.999878 0 5
5E 64 4128 0 -2294.6287 -3042.064 -14467.011 1.9998779 15 15
5E 64 4096 0 -2390.7498 -3026.9338 -14433.439 1.9998779 15 15
4B 33 0 0 -2664.9956 -1720.0905 -6860.0015 0 0 0
1B 0 0 0 -2505.0037 -1730.0001 -8539.996 400 0 3
53 0 49759 0 -1860.6321 -2465.0037 -12019.68 0 0 1
53 0 13786 0 -2185.972 -2395 -11950.06 0 0 1
2 0 0 16384 -530.0023 -2284 -11920.003 34.999878 0 8
0 0 0 0 -2014.4075 -3105.8984 -14678.855 0 0 0
2E 0 0 0 -2636.7268 -4133.9224 -17293.74 34.999878 0 0
7 63982 32768 58595 -2028.9108 -3171.3887 -14756.457 9.999878 15 5
7 63982 32768 58595 -2012.3328 -3184.12 -14754.9795 8.999878 15 5
7 63793 32768 60379 -1994.9747 -3195.4543 -14753.782 8.999878 15 5
59 63488 59543 60973 -3199.9646 -3560.4702 -15844.092 1.9998779 1 0
3A 1 49152 144 -2559.9067 -2260 -11878.669 3.9999962 1.7999984 0
4 1167 53635 51146 -2893.2983 -3682.479 -16165.803 9 0.99999857 0
3E 0 2 0 -2.0724354 290 3.5957487 30 2 30
4 60879 59171 45335 -2741.674 -3805.7976 -16449.25 9 1.9999986 0
4A 0 0 0 0.0024350286 -1809.9376 -6470.0044 0 0 0
57 0 0 0 -2477.0684 -4150 -17862.852 0 0 1
4 39631 61937 60439 -2579.724 -3868.9724 -16523.533 9 3.5999985 0
7 1 32768 0 -2549.9363 -4260 -17582.002 9.999994 45 1.4999999
51 0 44906 0 -686.48553 -4223 -20520.15 96 2 2
48 0 49152 0 -357.79117 -4169 -19276.57 0 130 1
5E 4 32787 0 -2559.3164 -4237 -18525.451 29.999992 35 1.4999999
10 1 0 0 -2770.0015 -3915 -19310.004 2.599995 0.5 2.5
5E 4 16403 0 -683.4286 -4202 -20657.182 29.999992 11 5
5E 308 9728 1 -685.16394 -4209 -21071.354 9.999992 11 5
59 16384 4096 0 0 172.02141 5 2.999878 1.4901161E-08 0
59 63153 54272 4452 -78.21002 -807.7251 -2106.564 -20.000122 1.4901161E-08 0
51 33 47782 0 -2574.787 -1719.2252 -7191.395 140 2 2
59 63153 54272 4452 173.09586 -778.7251 -2281.705 -8.000122 1.4901161E-08 1
5E 8 5378 63232 -428.7286 -726.16046 -1889.3699 3.999878 15 15
57 0 32768 0 -2643.0684 -4150 -18135.852 0 0 0
51 0 35036 0 -1342.9385 -1972 -6460.8604 150 2 2
5E 8 5122 62720 -195.34511 -792.16046 -2043.7876 0.9998779 14 14
5E 8 4354 63744 -77.42848 -807.16046 -2106.7332 0.9998779 14 14
59 62976 55552 2048 -431.86258 -724.16046 -1888.0093 -18.000122 1.4901161E-08 0
5A 65435 30723 0 -46.179764 -1822.8014 -4842.937 1.4000003 0 1
58 0 49152 0 -2014.4133 -1738.4949 -20318.191 0.5999999 0 1
5E 4 45060 4096 -610.9223 -518.80066 -1680.974 0.9998779 14 14
59 60928 61696 62208 -609.6437 -519.16046 -1683.3757 -6.000122 1.4901161E-08 0
59 4266 41835 10218 -482.0255 -1125.1741 -3389.9146 -1.0001221 1.4901161E-08 0
5E 1 55589 4352 -3139.1284 -2764.853 -13550.452 0.9998779 15 15
51 0 32822 0 -860.37415 -1890 -6470.664 100 2 2
59 4096 40960 0 -3011.1948 -2667.853 -13430.443 -14.000122 15 0
D 0 13975 0 -2560.0015 -1835 -8170.004 0.9999981 1 6
4E 0 16384 0 -2002.5032 -2465 -11919.998 0.4800003 -0.4 -0.19999999
4B 0 0 0 -2440.0017 -1770.1997 -8364.999 0 0 0
5E 1 35 0 -1775.821 -2338 -11954.969 44.999878 15 15
13 0 0 0 -1450.004 -2009 -6434.9966 0 0 0
30 0 0 0 -1384.994 -1890.01 -6315.0063 65.000015 100 70
30 0 39424 0 -1643.256 -2422 -12025.303 0 40 0
30 0 0 0 -685.9306 -4330.0005 -20814.998 65 80 75
46 33 43312 3 -2569.4744 -2260.128 -12308.381 1959.9999 51.5 0
3C 1551 32768 512 -664.9255 -4146 -19201.498 -2.861023E-06 5 40.5
0 0 0 0 -640.9957 -4180 -19124.998 0 0 0
51 0 18329 0 -2553.2615 -2180 -11154.237 100 2 2
0 0 0 0 -640.9957 -4195 -19124.998 0 0 0
7 0 32768 0 -2550.0032 -4259.986 -19264.846 11.499995 45 0.49999988
1 0 0 0 -2560.0005 -4253.048 -19305.002 23.999992 0 4
25 1 0 0 -2536.9363 -4260 -17379.852 1 1 1
54 65528 0 65510 -2559.998 -4268.986 -19340.633 120 130 0
8 0 0 0 0.0030136108 -2000 -5756.0015 0 90 1.4901161E-08
0 0 0 0 -2462.3052 -4239 -18148.31 0 0 0
0 0 0 0 -2447.3838 -4242 -18173.115 0 0 0
0 0 0 0 -2441.0718 -4251 -18329.352 0 0 0
0 0 0 0 -2666.675 -4240 -18509.867 0 0 0
51 57324 950 61970 -337.82574 -231.40103 -1162.2316 240 130 2
0 0 0 0 -2676.027 -4242 -18532.887 0 0 0
49 65452 19301 37 730.0027 -3988.947 -22089.996 0 0 1
0 0 0 0 -2679.094 -4245.2 -18593.773 0 0 0
57 0 0 0 -2477.0684 -4150 -17942.852 0 0 1
0 0 0 0 -2679.094 -4247 -18625.773 0 0 0
0 0 0 0 -2679.094 -4243.8 -18561.773 0 0 0
48 0 0 0 -1200.0039 -4122 -19229.998 0 0 1
0 0 0 0 -1767.6658 -3771.1045 -19258.303 0 0 0
21 16 32768 176 -2275.0903 -1897.945 -6436.0806 1.9999976 0.5 1.5000001
0 0 0 0 -1908.458 -3873.2817 -19202.154 0 0 0
0 0 0 0 -1891.9193 -3848.2817 -19209.94 0 0 0
4B 0 5632 0 -1265.0028 -1960 -6340.0024 0 0 0
51 63153 50371 62317 -523.0571 -619.8882 -1732.901 240 130 2
0 0 0 0 -1939.0732 -3961.2817 -19174.553 0 0 0
0 0 0 0 -1923.5907 -3899.2817 -19192.484 0 0 0
0 0 0 0 -1825.2064 -3792.2817 -19239.506 0 0 0
0 0 0 0 -1798.3313 -3780.1045 -19248.295 0 0 0
30 0 0 0 -2016.6328 -1892.1995 -6473.626 29.999878 20.000008 45
46 0 16701 5 -684.9958 -4240 -21069.996 259.99988 51.5 3
30 0 49803 0 -685.5338 -4041 -21710.037 29.999878 10.000008 40
30 0 0 0 -2557.198 -1710.0647 -8776.244 44.999996 20 80
30 0 0 0 -2559.9978 -4290.1 -18250.004 45 20 600
37 0 0 3 -2525.2378 -2280 -10778.234 0.8999969 3 3
13 0 0 0 -2580.0105 -2240 -11009.899 6 0 -7.4505806E-08
A 0 11008 0 -2617.2375 -1730.0002 -8519.878 3 51.5 3
46 0 0 32 -2560.3787 -1730.0002 -8436.906 370 0 3
30 0 16384 0 -441.09586 -2268.901 -11846.199 44 21 15
30 0 32768 0 -2559.9976 -4291.4004 -17319.996 45 20 55
30 0 0 0 -2559.9995 -1702.0002 -9179.996 50 10 50
6 0 0 0 -2584.9973 -1800 -6741.997 12.699997 31 0.60000014
4F 65510 49152 65528 -2250.0166 -1863.3855 -6470.145 0 0 0
0 0 0 0 -2560.0027 -1780.0002 -8357.5 0 0 0
53 0 16183 0 -2493.518 -2300 -10729.988 0 0 1
57 0 0 0 -2501.7844 -1834.96 -8335.1 0 0 1
51 62981 48097 0 -2563.3354 -2172.029 -11468.508 100 2 2
1 16384 0 0 -2641.0105 -2270 -10913.899 11 0 3
48 0 0 0 -1050.0039 -4162 -19229.998 0 0 1
4B 0 0 0 -2680.0017 -1590.1997 -8524.999 0 0 0
1 16384 0 0 -2481.0105 -2270 -10913.899 11 0 3
54 65452 49152 37 -1648.1871 -4229.3516 -19118 120 130 0
57 0 16384 0 -902.96295 -4080 -19203.04 0 0 0
1 62208 49152 0 -2420.183 -2247.9968 -11954.795 25 0 3
1 64176 49152 0 -2113.183 -2315.297 -11954.795 25 0 3
1 63232 49152 0 -2320.183 -2277.9968 -11954.795 25 0 3
50 6396 50727 2290 -1967.3407 -3071.1948 -14761.62 120 130 1
52 0 0 192 -2559.999 -2240.9922 -10350.667 46 0 1
3E 0 2 0 -2559.7314 -2138.9878 -10172.001 120 130 2
1 64896 49152 0 -1908.1831 -2335.7966 -11954.795 25 0 3
46 3 32768 4 -2559.9802 -4260 -17521.117 259.99988 51.5 3
0 0 0 0 -640.9957 -4165 -19124.998 0 0 0
0 0 0 0 -640.9957 -4225 -19124.998 0 0 0
5A 0 13522 64800 -769.3535 -4198.7373 -19141.262 -0.49999985 0 1
5A 0 32405 0 -705.5039 -3974.7017 -21881.31 -0.49999985 0 1
53 60535 33219 0 -2459.9307 -2294.066 -10223.934 0 0 1
53 0 51647 0 -2489.155 -2400.0002 -10609.941 0 0 1
53 0 11644 0 -2469.1316 -2180 -11029.77 0 0 1
53 0 40759 0 -2627.7559 -2300 -10730.094 0 0 1
53 0 24185 64171 -2333.7449 -2359.185 -11841.46 0 0 1
52 0 49152 65408 -1282.9961 -2272 -11919.998 -42 0 1
53 0 61049 64171 -2255.6477 -2359.185 -11997.595 0 0 1
53 0 7801 64171 -2241.843 -2359.185 -11939.556 0 0 1
21 16 41533 256 -735.721 -4380 -20712.646 7.999997 1.2999998 110.5
51 0 44906 0 -676.0728 -4380 -20405.838 96 2 2
21 289 0 0 -2580.0024 -2234.9 -11009.998 4.999878 -28.5 103
53 0 2483 0 -2155.3696 -2395 -11881.532 0 0 1
53 0 4752 0 -2055.512 -2430 -11920.429 0 0 1
4D 65218 32768 0 -2580.1116 -1679.9191 -9276.19 0 0 0
4F 0 16384 0 -2049.9485 -1803.4899 -6470.0044 0 0 0
4D 0 32768 0 -684.99567 -4270 -20260.848 120 130 1
4A 0 0 0 -1385.0029 -1779.5004 -6310.0034 0 0 0
21 33 65378 160 -1412.054 -2459.9998 -11847.63 9.999878 -28.5 103
4A 0 0 0 -2560.001 -1509.8 -8669.996 0 0 30
53 0 43678 0 -1811.5192 -2465 -11881.102 0 0 1
57 0 32768 0 -2643.0684 -4150 -18745.852 0 0 0
53 0 10106 0 -2627.0806 -2300 -10729.728 0 0 1
53 0 1211 0 -2634.9568 -2187.7454 -10110.869 0 0 1
53 0 49759 0 -1674.5247 -2465.0037 -12019.426 0 0 1
4B 33 0 0 -2454.9956 -1615.09 -7100.0015 0 0 0
20 0 0 0 -2593.9622 -1880 -8307.376 1.9998779 51.5 3
53 0 59043 0 -2229.3296 -2260 -12027.119 0 0 1
53 0 38563 0 -2026.2621 -2260 -12027.432 0 0 1
53 0 7801 64171 -2346.3755 -2359.185 -11997.98 0 0 1
53 0 52568 0 -1452.1816 -2350 -12019.587 0 0 1
48 0 49152 0 -530.0915 -4248 -19119.129 0 130 1
4F 0 32768 0 -2560.266 -1623.1002 -8770.034 0 0 0
53 0 64504 0 -1434.4635 -2350 -11845.054 0 0 1
44 0 0 0 -2560.0024 -1680 -9058.256 0 0 0
5C 0 0 0 -2749.9998 -4040.0012 -17920 -0.40999988 0 0
57 0 0 0 -2477.0684 -4150 -18295.852 0 0 1
53 0 49759 0 -1827.5117 -2465.0037 -11957.605 0 0 1
53 0 28028 0 -2560.273 -2180 -11024.287 0 0 1
5C 0 0 0 -2749.9978 -4039.9983 -19199.447 -0.40999988 0 0
4A 0 0 0 -2559.997 -4149.9546 -18620 1.3411045E-07 0 0
57 0 0 1 -2493.6965 -2181 -11180.798 -3.0845404E-06 2.1 19
21 32 1993 256 -1473.5228 -1844.0002 -6528.83 5.9999976 0.5 1.5000001
53 0 15006 0 -1768.0697 -2465 -11821.176 0 0 1
4A 0 0 0 -2559.997 -4149.9546 -18270 1.3411045E-07 0 0
5A 61989 0 3392 -2657.3826 -2227.7317 -13039.014 1.4000001 0 -1
4A 0 49152 0 -850.0007 -4080.0256 -19120.004 1.3411045E-07 0 0
4F 0 49152 0 -2125.041 -3913.304 -21869.982 1.3411045E-07 0 0
4F 0 49152 0 -1105.002 -3912.809 -21869.996 1.3411045E-07 0 0
4F 0 16384 0 -1924.9918 -3913.5042 -21869.69 1.3411045E-07 0 0
3E 0 2 0 -1142.0038 -2395.002 -11925.96 2 71 120
57 0 32768 0 -2617.8271 -1834.96 -8334.45 0 0 0
3E 0 2 0 -1442.9955 -2440.0046 -11920.004 2 26 25
3E 5 1 0 -1446.9955 -2440.0046 -11920.004 2 26 25
3E 0 2 0 -1646.9991 -2439.997 -11919.996 2 26 25
3E 5 1 0 -1642.9991 -2439.997 -11919.996 2 26 25
51 61292 33895 63039 -564.6832 -1245.2571 -3517.832 240 130 2
3E 5 1 0 -2447.8323 -2191 -11915.497 2 72 110
50 31488 55360 61840 -344.5823 -231.2258 -1164.2909 2 26 25
50 60397 6513 62783 -35.896763 -777.77 -2219.942 2 26 25
50 39183 19661 5923 -573.314 -1254.8809 -3521.026 2 26 25
51 60297 53878 62955 -2515.7273 -4117.724 -16823.477 240 130 2
4C 0 0 0 0.0011014938 -1960 -5830.005 30 2 30
4B 0 5632 0 -1265.0028 -1940 -6600.0024 0 0 0
57 0 32768 0 -2643.0684 -4150 -17862.852 0 0 0
4B 0 5632 0 -1374.9984 -1850 -6609.9966 0 0 0
57 0 0 0 -2477.0684 -4150 -18385.852 0 0 1
51 60735 55476 626 41.180977 -1859.2997 -4739.4375 240 130 2
4B 33 0 0 -2454.9956 -1750.0897 -6740.0015 0 0 0
4B 33 0 0 -2664.9956 -1750.0897 -6740.0015 0 0 0
4B 33 0 0 -2454.9956 -1690.5903 -6980.0015 0 0 0
4C 0 0 0 -2559.9988 -1754 -7389.999 0 0 0
4C 0 0 0 -2559.9988 -1790 -7684.999 0 0 0
4B 0 0 0 -2680.0017 -1770.1997 -8364.999 0 0 0
4F 0 0 0 -2559.999 -2122.2993 -11219.927 0 0 0
3E 0 2 0 -2443.8323 -2191 -11915.497 2 72 110
53 0 49624 0 -1654.9824 -2350 -11920.423 0 0 1
50 0 49152 7680 -2484.7957 -1916.0188 -9678.1455 0 0 0
3E 0 2 0 -2549.6716 -2155 -11068 120 130 2
4F 62981 32768 0 -2560.1167 -2123.5195 -11419.996 120 130 2
44 0 0 0 -2559.4912 -2260 -11921.185 120 130 1
50 62464 5104 4352 -850.7246 -2256.2473 -11956.206 -42 0 1
49 65452 19301 261 880.0027 -4038.947 -22089.996 0 0 1
50 1280 50432 512 -2517.2341 -2181.646 -12554.948 120 130 1
51 384 48805 58696 -3135.5254 -2836.45 -13779.463 240 130 2
51 61433 37517 419 -2526.4697 -3215.8057 -15145.575 240 130 2
57 0 16384 0 -875.3275 -3800 -21952.982 -0.3 0 1
48 0 49152 0 -497.12396 -4185 -19224.49 0 130 1
48 0 32768 0 -1350.0039 -4169 -19019.998 0 0 1
48 0 32768 0 -1050.0039 -4148 -19019.998 0 0 1
48 0 49152 0 -554.1713 -4369.994 -20504.678 0 0 1
51 0 0 0 43.37797 89 -469.8839 240 130 2
48 0 49152 0 -540.7563 -4234.994 -20752.994 0 0 1
48 0 49152 0 -553.4806 -4291.994 -20629.486 0 0 1
48 0 49152 0 -555.9464 -4237.994 -20268.158 0 0 1
48 0 16384 0 -812.5259 -4347.994 -20406.74 0 0 1
49 65452 19301 37 880.0026 -4035.947 -22299.996 0 0 1
49 65452 19301 805 995.7862 -3938.947 -22380.232 0 0 1
4F 0 32768 0 -2560.034 -4203.3984 -18370.084 120 130 1
4F 0 0 0 -2560.2378 -4203.592 -18169.967 120 130 1
4F 0 0 0 -2560.2378 -4203.4907 -18519.967 120 130 1
4F 0 49152 0 -950.0481 -4133.3745 -19120.156 120 130 1
4F 0 16384 0 -904.80145 -3853.0083 -21869.998 1.3411045E-07 0 0
51 61402 60057 730 -28.71625 -770.2248 -2212.4514 240 130 2
50 63425 27889 64065 28.57355 -962.2495 -3019.8064 2 26 25
50 410 48301 36571 49.911575 -1878.5977 -4706.2544 2 26 25
51 61863 57986 63201 -278.1094 -1454.9404 -4084.929 240 130 2
50 60178 12397 59906 -282.25 -1458.7122 -4094.7915 2 26 25
51 65155 51709 1835 -2519.5952 -2179.433 -12551.143 240 130 2
50 1536 22272 60928 -2904.6223 -2491.5095 -13284.8125 120 130 1
50 63084 27838 64204 -2532.9866 -3219.0503 -15140.794 120 130 1
51 0 32315 0 -0.78482306 -1950 -6133.0957 110 2 2
57 0 0 8192 -626.76855 -4190 -19523.771 -0.3 0 1
51 0 54924 0 1.3639948 -1920.0173 -6610.959 70 2 2
51 0 5165 0 4.3933563 -1781.016 -6469.173 90 2 2
57 0 32768 0 -2643.0684 -4150 -18295.852 0 0 0
51 33 47782 0 -2581.333 -1697.2252 -6973.85 140 2 2
51 0 64654 0 -2557.4453 -1784 -7390.4946 100 2 2
51 0 52556 0 -2556.967 -1662 -9072.096 100 2 0
57 0 0 0 -2501.9666 -1780 -8373.233 0 0 1
51 0 46348 0 -2555.9126 -2260 -11928.752 100 2 1
4D 0 16384 0 -2493.2485 -2260 -11955.34 0 0 0
52 0 0 192 -2559.999 -2143.9922 -10570.667 -24 0 1
51 0 47984 0 -2553.9326 -4260 -18102.621 96 2 2
51 0 51861 0 -2548.744 -4260 -18761.693 96 2 2
51 0 35277 0 -697.76953 -4250 -19129.463 96 2 2
50 1024 30960 61696 -958.7049 -2282.2473 -11714.1 -42 0 1
51 0 47597 0 -686.27405 -4270 -20176.021 96 2 2
21 32 33393 256 -3100.2236 -3959 -19340.672 18 0 2
51 0 44906 0 -683.7799 -4214 -20667.004 96 2 2
51 0 5798 0 -843.08905 -4155.496 -20653.201 96 2 2
51 0 16119 0 -686.8529 -4019.9836 -21628.979 100 0 2
4A 0 0 0 0.0024350286 -1809.9376 -6470.0044 0 0 0
54 65510 49152 65528 -2451.9385 -1923.0322 -6469.997 0 0 0
5A 0 53248 5376 -2318.2761 -2966.8438 -14436.501 1.4000001 0 -1
57 0 32768 0 -2618.0676 -1780 -8373.233 0 0 0
52 0 0 192 -2559.999 -2079.9922 -10950.667 18 0 1
54 65452 16384 65501 216.67406 -4069.013 -22188.002 120 130 0
54 257 49152 111 92.67854 -4073.0078 -22498.982 120 130 0
54 65405 32768 32 -684.27075 -4111.161 -22396.027 120 130 0
5B 0 0 0 -2560.003 -1594.0027 -9170.03 1.4000001 0 0
5B 0 0 0 -2560.001 -2168 -12020.042 1.4000001 0 -1
5A 4096 40960 2304 -2930.2495 -3257.7917 -15413.181 1.4000001 0 -1
5A 62208 2048 2304 -60.931213 87.62701 -803.32666 1.4000003 0 1
5A 0 53248 4352 159.42572 -690.7604 -2263.769 1.4000003 0 1
5A 0 40960 2048 -292.12466 -966.9697 -3234.919 1.4000003 0 1
5A 0 0 0 20.199081 -1874.8995 -6520.6685 -0.49999985 0 1
5A 0 16384 0 -2240.196 -1871.8893 -6490.235 -0.49999985 0 1
5A 0 31763 0 -2580.2979 -4214.8 -17845.033 -0.49999985 0 1
5A 0 64531 0 -2539.5964 -4214.8 -17999.535 -0.49999985 0 1
53 0 33979 0 -2484.5225 -2187.7454 -10094.422 0 0 1
50 7424 0 0 -2560.002 -1713.4658 -9668.222 -0.3 -0.1 0
56 0 16384 1 -2628.7898 -2180 -11205.66 -3.0845404E-06 2.1 50
57 0 31232 1 -2624.6965 -2181 -11177.798 -3.0845404E-06 2.1 50
53 0 49111 0 -1637.3214 -2350 -12019.479 0 0 1
53 0 16856 0 -1654.9824 -2350 -11920.423 0 0 1
49 65452 19301 805 1335.3007 -3745.947 -22266.734 0 0 1
57 0 32768 0 -2643.0684 -4150 -17942.852 0 0 0
57 0 32768 0 -2643.0684 -4150 -17792.852 0 0 0
57 0 0 0 -2477.0684 -4150 -17792.852 0 0 1
57 0 0 0 -2477.0684 -4150 -18045.852 0 0 1
57 0 0 0 -2477.0684 -4150 -18135.852 0 0 1
57 0 0 0 -2477.0684 -4150 -18225.852 0 0 1
57 0 0 0 -2477.0684 -4150 -18495.852 0 0 1
48 0 49152 0 -470.15103 -4178 -19136.4 0 130 1
57 0 0 0 -2477.0684 -4150 -18565.852 0 0 1
57 0 0 0 -2477.0684 -4150 -18645.852 0 0 1
57 0 32768 0 -2643.0684 -4150 -18215.852 0 0 0
57 0 32768 0 -2643.0684 -4150 -18395.852 0 0 0
57 0 32768 0 -2643.0684 -4150 -18485.852 0 0 0
57 0 32768 0 -2643.0684 -4150 -18565.852 0 0 0
57 0 32768 0 -2643.0684 -4150 -18645.852 0 0 0
57 0 16384 0 -982.96295 -4080 -19203.04 0 0 0
57 0 16384 0 -732.96295 -4080 -19203.04 0 0 0
57 0 49152 0 -822.96295 -4080 -19037.238 0 0 1
57 0 0 8192 -626.76855 -4190 -19353.771 -0.3 0 1
57 0 32768 8192 -743.36865 -4190 -19353.771 -0.3 0 0
57 0 32768 8192 -743.36865 -4190 -19523.771 -0.3 0 0
57 0 0 0 -626.7014 -4240.0005 -20841.139 -0.3 0 1
57 0 16384 0 -1892.6832 -3860 -21952.727 -0.3 0 1
57 0 16384 0 -1972.6832 -3860 -21952.727 -0.3 0 1
57 0 16384 0 -2142.683 -3860 -21952.727 -0.3 0 1
57 0 49152 0 -2052.683 -3860 -21786.727 -0.3 0 0
57 0 49152 0 -1892.6831 -3860 -21786.727 -0.3 0 0
57 0 49152 0 -875.3275 -3800 -21786.982 -0.3 0 0
57 0 49152 0 -955.3275 -3800 -21786.982 -0.3 0 0
57 0 49152 0 -1125.3275 -3800 -21786.982 -0.3 0 0
57 0 16384 0 -955.3275 -3800 -21952.982 -0.3 0 1
48 0 49152 0 -437.7648 -4218 -19050.578 0 130 1
48 0 49152 0 -545.4319 -4253 -19009.771 0 130 1
48 0 49152 0 -621.35144 -4222 -18953.426 0 130 1
48 0 49152 0 -530.3798 -4184 -19377.59 0 130 1
48 0 49152 0 -529.2896 -4221 -19319.264 0 130 1
48 0 49152 0 -548.9412 -4186 -19528.48 0 130 1
48 0 49152 0 -316.41147 -4099 -19172.959 0 130 1
48 0 49152 0 -1087.7345 -4292 -19127.309 0 130 1
48 0 49152 0 -1189.3468 -4270 -19177.445 0 130 1
49 65452 19301 149 657.2132 -4085.947 -22037.914 0 0 1
49 65452 19301 37 1099.997 -3932.947 -22189.998 0 0 1
49 65452 19301 293 1206.3871 -3879.947 -22076.283 0 0 1
49 65452 19301 293 1271.8594 -3804.947 -22163.38 0 0 1
49 65452 19301 37 1147.0441 -3883.947 -22312.387 0 0 1
49 65452 19301 21 1098.584 -3993.947 -22376.762 0 0 1
49 65452 48991 733 540.09314 -4051.033 -22301.387 0 0 1
7 65273 16384 65500 -735.00195 -4120.213 -22420.002 14.999997 61 2.0000005
7 65273 16384 65500 -620.00275 -3979.4905 -22501.002 14.999996 61 2.0000005
7 61402 21760 730 13.223445 -851.9739 -2138.5903 8.999878 1 0
50 8070 0 32768 -2560.6694 -1961.1807 -9877.593 -0.3 -0.1 0
7 65528 32768 0 -654.9997 -4100.0664 -22370.002 12.999997 61 2.0000005
3 0 48159 0 -0.44396922 -1922 -6670.8203 0 0 0
53 0 21087 0 -1827.5117 -2465.0037 -11957.605 0 0 1
7 65273 16384 65500 -720.00275 -3979.4905 -22500.002 13.999996 61 2.0000005
59 0 2048 1898 -2581.5864 -2244.0703 -12662.393 -10.000122 15 -2
6 0 0 0 -9.727478E-05 -2000 -5202.004 15.549997 30 11.8
7 65522 32768 0 21.004566 0.00016525645 -50.00128 13 20 0
0 0 0 0 -2674.9692 -2987.9985 -14306.16 0 0 0
7 6869 22528 60121 267.7717 -812.4449 -2406.6333 12 50 0
3A 1 49152 112 -2559.998 -1880 -8010.0015 0 1.4999999 203
5E 260 32768 0 -2559.3164 -4237 -17825.451 29.999992 35 1.4999999
1 60416 64256 0 -12.66671 -1913.4946 -4583.087 30 0 3
49 65452 19301 37 580.0027 -4044.947 -22089.996 0 0 1
30 0 49152 0 -840.9306 -4270.0005 -20652.68 65 100 70
7 65522 32768 0 -20.995434 0.00016525645 -50.00128 13 20 0
50 1220 50432 1061 39.513565 92.7713 -446.5711 2 26 25
A 0 60160 0 -1091.751 -2010 -6436.769 3 0.5 1.5000001
3A 1 49152 192 -2560 -2400.0002 -10573.247 -3.0845404E-06 1.7999998 250
5A 12 59269 106 -2519.5835 -2079.005 -12303.3545 1.4000001 0 -1
E 0 35893 0 959.9963 -4030 -22190 -2.861023E-06 1.2999998 110.5
7 257 16384 45 38.995125 -4059.971 -22509.006 13.999996 61 2.0000005
57 0 16384 0 -822.96295 -4080 -19203.04 0 0 0
7 65273 16384 65500 -720.00275 -3979.4905 -22520.002 13.999996 61 2.0000005
5E 53 40962 2 -2593.731 -4176.8423 -17242.322 11.999878 1 12
7 65522 32768 0 0.0045661926 0.00016525645 -50.00128 13 20 0
1B 0 0 0 -2525.0015 -1880.0001 -8310.005 400 0 3
30 0 16384 0 -2560.0007 -2282 -12020.004 50 10 50
A 0 0 0 -2560.0027 -1780 -8387.5 1 0 2
1B 0 0 0 -2505.0015 -1880.0001 -8310.005 400 0 3
1 0 16384 0 -1485.997 -2459 -11919.995 35 -9.536743E-07 6
1 0 0 0 0.0048470497 -1993 -5730.002 25 0 7
0 0 0 0 -2564.9983 -1794 -7539.9976 0 0 0
51 0 15712 0 -2557.016 -4260 -17376.24 96 2 2
0 0 0 0 -2560.0027 -1801.0002 -8357.5 0 0 0
7 8 32768 65510 -674.9997 -4100.06 -22370.002 12.999997 61 2.0000005
21 0 65004 256 -2504.299 -1841 -8311.615 2.9999971 3 10
7 65239 16384 65324 169.6386 -4059.6968 -22189.29 14.999996 61 2.0000005
4 62464 32768 0 -2559.905 -1687.0002 -8532.996 -5 -0.099999905 3
51 0 33254 0 -1022.5131 -4190.0117 -19119.748 96 2 2
51 0 34260 2807 -565.5184 -1832.0012 -6470.9814 100 2 2
1 0 16384 0 -1249.0017 -2440.9998 -11831.005 8.499998 -9.536743E-07 6
59 49152 40960 0 -2595.3823 -4178.8423 -17243.451 -28.000122 15 0
7 0 32256 0 -2590.0032 -4259.986 -19454.646 11.999997 45 0.4999999
49 65452 19301 1061 730.0026 -3967.947 -22299.996 0 0 1
57 0 16384 0 -2052.683 -3860 -21952.727 -0.3 0 1
1 62464 0 0 -2564.9983 -1800 -7572.9976 25 1 4
7 257 16384 45 38.995125 -4059.5017 -22528.006 13.999996 61 2.0000005
4B 0 0 0 -2440.0017 -1680.1997 -8444.999 0 0 0
4B 0 5632 0 -1155.0028 -1890 -6610.0024 0 0 0
57 0 16384 0 -1035.3275 -3800 -21952.982 -0.3 0 1
47 3 32768 3 -2559.9983 -4260.0005 -17271.004 319.99988 51.5 0
0 0 0 0 -2441.0718 -4245 -18232.352 0 0 0
49 65452 19301 4117 761.80835 -3984.947 -22419.379 0 0 1
7 8179 26922 55940 -503.12387 -1371.586 -3920.6038 12 30 8
6 0 0 0 -2534.9973 -1800 -6741.997 12.699997 31 0.60000014
5E 384 16384 63472 -2768.738 -3922.4768 -18538.283 150 15 10.000008
1 62464 0 0 -2554.9983 -1800 -7572.9976 25 1 4
0 0 0 0 -2350.0037 -2351.5005 -11920.004 0 0 0
10 1 49152 0 -2750.003 -3990 -17689.998 -1.0000057 7 1.4999999
38 0 19374 0 -552.94226 -2220 -11917.575 3.999878 81.5 103
7 5019 41897 9714 -345.52554 -340.5409 -1320.5295 9 30 0
19 0 0 0 -2559.998 -2260 -11999.004 4 0 0
38 0 15767 0 -689.5095 -4390 -20521.79 3.999878 125 -40
48 0 45056 0 -513.586 -4221 -19022.137 0 130 1
0 0 0 0 -2554.9983 -1794 -7539.9976 0 0 0
53 0 65421 0 -2254.7876 -2360 -11858.708 0 0 1
7 65273 16384 65500 -735.00195 -4119.708 -22400.002 14.999997 61 2.0000005
51 61433 3885 419 52.23626 -949.3358 -3021.7554 240 130 2
7 0 16384 62729 -270.00275 -4025.5166 -22480.002 14.999996 61 2.0000005
0 0 0 0 -2554.9983 -1794 -7504.9976 0 0 0
7 8 32768 65510 -694.9997 -4100.01 -22370.002 12.999997 61 2.0000005
1B 0 0 0 -2595.0015 -1880.0001 -8270.005 400 0 3
47 4 16384 16 -1484.9952 -1960 -6464.997 0 90 3
7 65273 16384 65500 -620.00275 -3979.4905 -22480.002 14.999996 61 2.0000005
53 0 16269 0 -2152.2095 -2360 -11945.658 0 0 1
30 0 0 0 -685.7822 -4186.99 -19408.307 56.099976 41.899986 11.1
38 0 15767 0 -686.88336 -4390 -20652.197 3.999878 125 -40
7 64404 49664 51052 -2805.6318 -1778.9966 -6474.513 8.999878 51 3
57 0 49152 0 -1035.3275 -3800 -21786.982 -0.3 0 0
48 0 16384 0 -809.9542 -4319.994 -20517.896 0 0 1
3A 1 33350 176 -445.99536 -2237.9739 -11850.799 1.3411045E-07 1.6000001 200
48 0 32768 0 -1200.0039 -4098 -19019.998 0 0 1
7 8 32768 65510 -714.9997 -4099.9595 -22370.002 12.999997 61 2.0000005
7 65273 16384 65500 -735.00195 -4120.7183 -22440.002 13.999997 61 2.0000005
48 0 0 0 -1350.0039 -4182 -19229.998 0 0 1
2E 0 0 0 -2482.7195 -2259 -11956.002 -3 0 0
2 0 0 16384 -2084.2673 -2425 -11926.979 17 0 8
37 0 0 3 -679.8387 -4387 -20610.957 0.79999626 0.9000001 0.9000001
30 0 16384 0 -441.0958 -2268.9019 -11995.199 44 21 15
5A 0 28882 0 -2580.5808 -4214.4014 -18284.334 -0.49999985 0 1
59 0 53248 0 -2295.7554 -3042.3687 -14467.087 5.999878 0 0
0 0 0 0 -2441.0718 -4244 -18200.352 0 0 0
1 0 0 0 -2554.9983 -1794 -7294.9976 25 1 6
54 65405 49152 32 -2179.959 -4182.068 -19430 120 130 0
7 65273 16384 65500 -2594.999 -4139.769 -19400.754 11.999994 25 0.4999999
4A 0 16384 0 -2025.0035 -3859.4973 -21869.998 1.3411045E-07 0 0
0 0 0 0 -2564.9983 -1794 -7504.9976 0 0 0
21 16 685 256 -1151.1547 -2005 -6469.983 15.999998 0.5 1.5000001
48 0 16384 0 -2740.5237 -3977 -21881.197 -2.861023E-06 0 2
7 65273 16384 65500 -735.00195 -4119.203 -22380.002 13.999997 61 2.0000005
7 0 32768 0 -2578.0022 -2400.0002 -10599.997 9.499995 45 0.4999999
7 0 32768 0 -2542.0022 -2400.0002 -10599.997 9.499995 45 0.4999999
7 0 32768 0 -2599.0022 -2400.0002 -10599.997 8.499995 45 0.4999999
7 0 49152 0 -2168.9988 -2360 -11920.004 11.999997 55 0.4999999
1 62720 65280 0 -1.1836746 -1969.4946 -4690.821 30 0 2
57 0 49152 0 -732.96295 -4080 -19037.238 0 0 1
7 65491 32768 263 -2560.996 -1800.1556 -6434.996 13.999878 51 3
7 0 49152 0 -2168.9988 -2360 -11900.004 11.999997 55 0.4999999
7 0 49152 0 -2168.9988 -2360 -11940.004 11.999997 55 0.4999999
0 0 0 0 -2679.094 -4248.5005 -18655.773 0 0 0
6 0 0 0 -2534.9958 -4260 -18872.004 9.499997 55 0.5
7 0 16384 0 -1893.0021 -4220.093 -19419.223 12.999994 35 0.4999999
38 63988 1228 255 -3225.8694 -3548.5603 -15639.43 3 200 225
6 0 0 0 -2584.9958 -4260 -18872.004 9.499997 55 0.5
3A 1 49152 0 -2560.9048 -2240 -10984.032 -3.0845404E-06 3 50
4F 0 32768 0 -2560.1143 -4203.5996 -17320.008 120 130 1
7 0 16640 62729 -2128.002 -4190.206 -19449.223 14.999994 35 0.4999999
4E 0 16384 0 -2130.9033 -2430 -11919.998 0 0 0
51 0 32315 0 0.8848338 -2000 -5828.149 110 2 2
7 65273 16384 65500 -2594.999 -4139.769 -19460.754 11.999994 25 0.4999999
4C 0 16384 0 -1800.0027 -1809 -6469.9956 0 0 0
7 0 16640 62729 -2128.002 -4190.206 -19429.223 14.999994 35 0.4999999
7 0 32768 0 -2570.0032 -4259.986 -19264.846 11.499995 45 0.49999988
30 0 16384 0 -509.49582 -2302 -11920 74 0 70
7 0 16640 62729 -2128.002 -4190.206 -19409.223 14.999994 35 0.4999999
7 65273 16384 65500 -2594.999 -4139.769 -19420.754 11.999994 25 0.4999999
53 0 38563 0 -2250.4255 -2260 -12026.83 0 0 1
51 0 44906 0 -683.7799 -4380 -20667.004 96 2 2
7 65273 16384 65500 -2594.999 -4139.769 -19440.754 11.999994 25 0.4999999
58 64777 0 0 -3612.7168 -536.1919 -7601.207 0 0 0
56 0 16384 2 -684.72546 -4390 -20328.418 0.99999714 1.2999998 110.5
7 637 13920 16834 -1489.9498 -4003.0483 -19374.209 10.999994 35 0.4999999
B 1167 20480 61440 -2820.8772 -3682.3425 -16159.8 2 0.99999845 0
1 0 0 0 -2560.1912 -2171 -11230.005 25 0 6
5A 0 32441 0 -2580.0708 -2134.7988 -11223.392 -0.5000031 2.1 50
1 0 16384 0 -2200.0037 -2354 -11920.004 20 0 5
7 0 16384 0 -1893.0021 -4220.093 -19439.223 12.999994 35 0.4999999
5E 80 49152 0 -2581.4067 -2012.7808 -10288.95 4.999878 15 15
7 0 15616 0 -1682.9954 -4219.381 -19150.004 12.999994 35 0.4999999
7 0 16384 0 -1683.9954 -4219.381 -19110.004 12.999994 35 0.4999999
7 0 16384 0 -1683.9954 -4219.381 -19130.004 12.999994 35 0.4999999
7 0 17920 0 -1682.9954 -4219.381 -19089.004 12.999994 55 0.4999999
4E 0 16384 0 -2515.499 -2239 -10983.004 -1.1920929E-07 0 -7.4505806E-08
15 1 0 5 -2854.9978 -3970 -19359.998 -1070.0001 -3969 -19140
43 0 1072 0 -530.00256 -2290 -11919.998 0 0 1
A 0 16384 0 -804.99884 -4160.0005 -20687.496 1 -3800 -18700
46 0 64154 2 -1294.1735 -2464.9998 -11919.993 319.99988 51.5 3
53 0 63923 0 -2245.0474 -2395 -11857.86 0 0 1
8 0 32768 0 -2559.9985 -1680 -9239.998 0.4999969 5 0.4999999
57 0 32768 0 -2643.0684 -4150 -18045.852 0 0 0
5A 3840 40192 5120 -508.93268 -311.5565 -1407.4792 1.4000003 0 1
5E 64 4144 0 -2249.5007 -3049.9338 -14494.215 1.9998779 10 10
59 4608 38912 0 -3137.3223 -2762.853 -13548.063 -19.000122 15 0
57 0 16384 0 -1125.3275 -3800 -21952.982 -0.3 0 1
B 49 56320 4096 -2794.1565 -2479.9617 -13226.108 3 14 14
7 6869 22528 60121 277.47617 -841.11536 -2380.6934 11 40 0
0 0 0 0 569.3834 -943.72784 -2749.0122 0 0 0
51 0 31947 0 -267.6694 -1810 -6470.3774 100 2 2
59 16384 4096 0 0 92.02141 5 2.999878 1.4901161E-08 0
47 3 0 32 -2559.995 -1680 -8770.004 0 0 3
2A 5632 512 2 -2760.0032 -4034.995 -17939.998 34.999992 0 8
21 33 14950 256 16.490997 -1810 -6412.594 5.9999976 0.5 1.5000001
51 0 44906 0 -685.1299 -4251 -20361.953 96 2 2
5A 0 65465 0 -2540.8337 -2135.5977 -11400.181 -0.4000031 2.1 50
23 1 0 0 -2750.0015 -4050 -19270.004 1.1999943 0 1.4999999
20 0 32768 0 -2526.6963 -1880 -8169.506 8.999878 51.5 3
0 0 0 0 -2647.3384 -2988.9985 -14327.744 0 0 0
55 1 0 32768 -2559.9983 -4275.0005 -17221.004 -2560 -1980.0001 -12120
51 64288 50132 7994 585.02374 -816.7338 -2642.8938 240 130 2
46 0 43399 16 -1141.1808 -3969.9998 -21889.602 840 6.6000004 3
41 0 49152 11 -1349.9968 -1820 -6469.9985 -1540 -1820 -6470
1 62729 64768 0 -700.0023 -4058.8965 -22170 27.999996 0 4
57 0 32768 0 -743.4015 -4240.0005 -20841.139 -0.3 0 0
56 0 16384 162 -628.72546 -4390 -20328.418 0.99999714 1.2999998 110.5
51 0 44906 0 -694.91644 -4380 -20539 96 2 2
57 0 49152 0 -2142.683 -3860 -21786.727 -0.3 0 0
48 0 32768 0 -1500.0039 -4190 -19019.998 0 0 1
5E 144 0 63744 -2194.437 -2301 -11956.903 49.999878 15 15
4F 0 16384 0 -749.9219 -4193.3936 -19119.838 120 130 1
50 8704 0 0 -2559.9963 -1614.9958 -9578.029 -0.3 -0.1 0
48 0 0 0 -1500.0039 -4173 -19229.998 0 0 1
2A 62208 40608 1 -2744.8984 -4168 -17686.982 25.499996 0 8
51 0 34229 0 -1810.3077 -1858.9999 -6471.443 100 2 2
3A 1 0 320 -2087.0134 -2430 -11927.005 0 1.5999999 100
47 4 16384 16 -785.0035 -4334 -20654.996 0.99999714 1.2999998 110.5
0 0 0 0 -2441.0718 -4248.6997 -18296.352 0 0 0
4F 0 0 0 -2559.9954 -1563.101 -8569.949 0 0 0
9 0 0 0 -3099.9954 -3970 -19340.004 4E-45 7E-45 0
3A 0 32768 0 -680.63666 -4250 -19120.703 -2.861023E-06 1.8 0.5
53 0 65421 0 -2155.8508 -2360 -11901.243 0 0 1
59 16384 0 0 0.09761047 -1941 -5050.4985 -9.000122 1.4901161E-08 0
37 0 0 3 -688.8742 -4387 -20502.637 0.79999626 -2.4999995 -2.4999995
4F 0 0 0 0.0009298101 -1863.6797 -6369.549 30 2 30
51 65510 53221 8 -2293.0164 -1893.0385 -6469.915 60 2 2
4E 0 16384 0 -2604.0005 -2239 -10983.004 -1.1920929E-07 0 -7.4505806E-08
A 0 60160 0 -1091.751 -2010 -6501.9985 3 0.5 1.5000001
37 0 0 3 -687.3012 -4387 -20381.188 0.9999963 1.3 1.3
38 0 15767 1 -676.03204 -4390 -20409.443 3.999878 125 -40
0 0 0 0 -1870.0012 -3826.2817 -19219.594 0 0 0
7 65534 32768 510 10.340376 -1999.9009 -4990.408 14 30 8
7 0 16384 62729 -270.00275 -4025.5166 -22500.002 14.999996 61 2.0000005
4 59136 38918 1536 -809.40515 -4212.9995 -20515.662 100 0.5999999 2.0000005
7 9212 26880 54216 -306.49316 -680.0519 -2065.9692 10 30 0
5A 57344 0 0 45.95751 189 -76.449005 0.70000017 0 1
47 4 0 16 -685.0035 -4310 -20754.996 0.99999714 1.2999998 110.5
4F 0 0 0 -2560.2437 -4203.6006 -17819.936 120 130 1
B 0 0 0 -2641.0105 -2235 -11001.899 6 0 -7.4505806E-08
4B 0 0 0 -2680.0017 -1680.1997 -8444.999 0 0 0
51 2807 49124 0 -3.489448 -1901.3356 -6326.283 70 2 2
57 0 0 0 -2477.0684 -4150 -18735.852 0 0 1
3A 1 49152 128 -2510 -2400.0002 -10553.247 -3.0845404E-06 1.6000001 200
2D 3328 4096 0 -630.31854 -4002 -21999.812 0 1.4000001 4E-45
7 65239 16384 65324 169.6386 -4059.6968 -22210.29 14.999996 61 2.0000005
53 60535 3126 0 -2660.0325 -2267.3071 -10172.58 0 0 1
30 0 25600 0 -1643.256 -2422 -11819.303 0 40 0
B 0 49590 0 -686.45135 -4146.6353 -19517.195 2 2.1999998 110.5
14 0 0 0 -2505.0015 -1860.0001 -8310.005 400 0 3
51 471 34937 7952 -1970.3109 -3076.052 -14762.206 240 130 2
3A 1 49152 208 -2594.9968 -1835 -8354.999 0 1.4999999 113
11 0 49152 1 -2729.9985 -4100 -18680.28 2.999997 3 10
7 0 49152 0 -2564.996 -1919.9415 -6439.996 13.999878 51 3
7 0 32768 0 -2530.0032 -4259.986 -19264.846 11.499995 45 0.49999988
7 0 32768 0 -2590.0032 -4259.986 -19264.846 11.499995 45 0.4999999
0 0 0 0 559.9967 -918.72784 -2548.6719 0 0 0
5E 4 19 0 -686.13525 -3997.8425 -21710.154 39.999992 41 5
7 64404 49664 51308 -2807.731 -1778.5964 -6494.8135 8.999878 51 3
1 65408 49152 0 -1804.1831 -2340.9958 -11954.795 25 0 3
51 61243 63388 929 -2840.1406 -3712.9346 -16211.404 240 130 2
59 4608 38912 8192 -3080.0154 -2699.853 -13487.52 -16.000122 15 0
7 0 33280 0 -2530.0032 -4259.986 -19454.646 11.999997 45 0.4999999
41 0 49152 4 -1739.9951 -4020 -21870.502 -1820 -3870 -21875
4F 0 32768 0 -2560.034 -4203.3984 -18020.084 120 130 1
7 0 32768 0 -2570.0032 -4259.986 -19454.846 11.999997 45 0.4999999
7 0 32768 0 -2550.0032 -4259.986 -19454.846 11.999997 45 0.4999999
53 0 59043 0 -2444.9978 -2260 -12020.029 0 0 1
5A 62496 32768 0 -2580.2148 -1618.2878 -8717.117 -0.49999985 0 1
3E 5 1 0 -2549.6716 -2155 -11072 120 130 2
5A 59221 61386 2878 -125.53914 -1433.4033 -4215.3887 1.4000003 0 1
47 4 32768 3 -2559.9983 -4275.0005 -17170.004 319.99988 51.5 0
7 637 13920 16578 -1491.4497 -3997.748 -19395.209 10.999994 35 0.4999999
50 63807 40808 2464 -506.48602 -620.31396 -1749.6559 2 26 25
46 0 0 16 -636.0715 -4390 -20681.879 720 1.3000002 110.5
41 0 0 14 -2559.9985 -4060 -18730.28 -2560 -4200 -19220
6 65441 49152 65507 477.0039 -4060.0288 -22165 10.899878 55 2.1000001
4A 0 0 0 -2559.997 -4149.9546 -17920 1.3411045E-07 0 0
51 64271 46571 5667 -3163.114 -3545.0269 -15676.822 240 130 2
6 65441 49152 65507 477.0039 -4060.0288 -22215 10.899878 55 2.1000001
4F 0 0 0 -685.22723 -3963.3958 -21699.941 120 130 1
59 58112 0 512 -15.786119 -1829.9581 -4681.528 -9.000122 1.4901161E-08 0
42 0 0 0 -2560.005 -4260 -18841 359.99988 51.5 1
7 1 32768 0 -2569.9363 -4260 -17582.002 9.999994 45 1.4999999
4C 0 49152 0 -270.00052 -1756 -6470.0015 0 0 0
4B 33 0 0 -2454.9956 -1750.5903 -6860.0015 0 0 0
7 65239 16384 65324 169.6386 -4059.6968 -22168.29 14.999996 61 2.0000005
1 0 0 0 -2560.497 -1793 -6494.996 29.999996 0 6
57 0 0 0 -2501.7607 -1880 -8245.011 -0.1 -0.1 1
19 0 0 0 -2559.998 -1680 -9020.001 3 2 0
1 0 0 0 -2564.9983 -1794 -7294.9976 25 1 6
48 0 16384 0 -2509.5254 -4067 -21935.621 -2.861023E-06 0 2
3E 5 1 0 -2559.7314 -2138.9878 -10168.001 120 130 2
45 0 0 0 -2560.0002 -1680 -9174.996 0 0 0
4B 0 0 0 -2440.0017 -1590.1997 -8524.999 0 0 0
A 0 0 0 -2571.9185 -2187.7454 -10101.647 3 0 0
5E 96 16384 60416 -25.449177 -1786.753 -4612.441 4.999878 15 15
7 0 49152 0 -2564.996 -1919.9415 -6479.996 13.999878 51 3
51 0 48162 0 -2562.057 -4260 -18446.38 96 2 2
25 2 49152 0 -2726.8162 -4050 -17853.746 1 1 1
0 0 0 0 -2213.8657 -3054.8984 -14515.715 0 0 0
1 64576 49152 0 -2009.1831 -2326.9968 -11954.795 25 0 3
1 63744 49152 0 -2217.183 -2298.9968 -11954.795 25 0 3
46 0 36801 16 -2212.0215 -3970 -21900.326 540 6.6000004 3
0 0 0 0 585.27594 -926.72784 -2615.1843 0 0 0
49 65452 19301 1317 1053.3347 -3949.947 -22029.271 0 0 1
5E 134 58128 3072 -3081.5776 -2700.853 -13489.909 0.9998779 14 16
1 0 16384 0 -1249.0017 -2440.9998 -12008.005 8.499998 -9.536743E-07 6
4B 0 5632 0 -1155.0028 -1880 -6330.0024 0 0 0
50 59954 6405 62684 -2592.1758 -3035.6804 -14343.6045 120 130 1
11 0 49152 1 -2749.9985 -4100 -18660.28 2.999997 3 10
4E 0 0 0 -2559.9998 -2240 -10100.999 1.03 0.9 0.4999999
4E 0 49152 0 -450.40506 -2290 -11839.592 0.60000014 -0.0499997 -0.09999999
8 0 0 0 -2562.2922 -4260 -17363.004 1.4998778 1.4999999 3
53 0 31509 0 -2460.017 -2300 -10834.17 0 0 1
B 0 13700 0 -2560.7837 -2189.3184 -10203.95 4 0 0
4E 0 0 0 -685.0048 -4190 -19407.996 0.64999723 1.4901161E-08 0.20000002
4E 0 0 0 -685.0048 -4162.4995 -19407.996 0.64999723 1.4901161E-08 0.20000002
A 0 0 0 -2547.9185 -2187.7454 -10101.647 2 0 0
21 17 15716 256 -2485.4321 -2300 -10738.499 2.999878 51.5 3
53 0 21087 0 -1712.497 -2465.0037 -11969.998 0 0 1
47 3 32768 0 -0.00385952 -1920 -6372.002 -3.8146973E-06 0.6999999 2.0000005
59 63153 54272 356 -195.43887 -791.7251 -2044.0588 -21.000122 1.4901161E-08 0
51 62729 1441 0 -2551.9536 -1821.5247 -7681.874 100 2 2
4B 33 0 0 -2664.9956 -1640.0902 -6980.0015 0 0 0
0 0 0 0 -2032.9357 -3096.498 -14652.404 0 0 0
53 0 47539 0 -2203.2869 -2395 -11890.05 0 0 1
47 4 0 16 -685.0035 -4360 -20754.996 0.99999714 1.2999998 110.5
4F 0 32768 0 -0.0047035217 -1863.4199 -6570.086 30 2 30
3D 1792 19200 0 -2635.4546 -2001.9956 -10438.834 17 0 0
58 759 0 0 1371.0151 717.33887 -7057.674 0.79999995 0 0
0 0 0 0 505.48752 -975.99774 -2832.9502 0 0 0
4E 0 49152 0 -450.40506 -2290 -12000.592 0.60000014 -0.0499997 -0.09999999
38 63988 1228 255 -2951.5056 -3674.5603 -16085.456 3 200 225
38 63988 1228 255 -2164.204 -3114.5603 -14485.597 3 200 225
43 0 52556 0 -2559.998 -1680 -9130.001 100 2 0
51 33 47782 0 -2557.243 -1736.2252 -6800.4536 140 2 2
38 63988 1228 255 -2890.1504 -3331.5603 -15354.736 3 200 225
4C 0 49152 0 -861.0005 -1844 -6470.0015 0 0 0
16 0 16384 1 -2750.0024 -4100 -18449.998 -2750 -4080 -18670
11 2 49152 1 -2749.9985 -4080 -18680.28 2.999997 3 10
1 0 16384 0 -1669.9957 -1852.0002 -6469.997 30 1 8
5E 8 3 0 0.09761416 -1938 -5049.999 16.999878 2 15
11 2 49152 1 -2749.9985 -4100 -18700.28 2.999997 3 10
51 0 35036 0 -1147.0612 -1972 -6467.116 150 2 2
11 0 49152 1 -2769.9985 -4100 -18680.28 2.999997 3 10
5A 0 36864 4096 -3127.5225 -2614.0408 -13592.383 1.4000001 0 -1
1B 0 16384 0 -2135.0024 -2430 -11869.998 0 0 0
41 0 49152 1 -2749.9985 -4030 -18680.28 -2600 -3540 -18700
50 59746 50991 4734 -3159.9324 -3540.8047 -15677.134 120 130 1
41 0 0 2 -2559.9985 -4110 -18750.28 -2560 -4260 -18880
30 0 0 0 -1620.001 -2495.099 -11931.367 65 20 45
3A 0 49152 128 -2524.9968 -1835 -8354.999 0 1.4999999 113
47 3 16384 2 -1645.0035 -2464.9998 -11920.003 319.99988 51.5 3
59 0 53248 16640 -2393.664 -3027.3687 -14432.071 2.999878 0 0
51 65218 54398 0 -2549.4492 -1887.568 -9633.879 300 2 2
5A 0 49152 0 -2194.5566 -1862 -6453.243 -0.1 -0.1 0
7 64660 49664 51308 -2803.0322 -1779.9966 -6454.513 8.999878 51 3
5E 4 16406 65024 -2771.077 -3992.4768 -19067.594 70 15 10.000008
5A 61440 61440 2560 -2662.131 -3729.4438 -16387.12 1.4000001 0 -1
1 62729 2048 0 -670.0023 -4015.0034 -22010 29.999996 0 4
5E 64 4112 0 -2354.5786 -3032.9338 -14446.435 1.9998779 10 10
7 65273 16384 65500 -720.00275 -3979.4905 -22480.002 13.999996 61 2.0000005
7 65273 16384 65500 -620.00275 -3979.4905 -22522.002 14.999996 61 2.0000005
38 63988 1228 255 -2699.3552 -3820.5603 -16254.446 3 200 225
46 0 32768 0 0.8713628 -1920 -6282.6025 240 0.6999999 2.0000005
47 3 49152 1 -2051 -1859.996 -6469.995 240 0.6999999 2.0000005
7 0 49152 0 -2564.996 -1919.9415 -6499.996 13.999878 51 3
13 0 0 0 -2595.0015 -1880.0001 -8290.005 400 0 3
7 65491 32768 263 -2581.996 -1800.1556 -6434.996 13.999878 51 3
7 65491 32768 263 -2540.996 -1800.1556 -6434.996 13.999878 51 3
4F 0 32768 0 -2560.034 -4203.3984 -18720.084 120 130 1
47 3 32768 4 -2559.9976 -4260 -17822.002 319.99988 51.5 3
47 3 32768 4 -2559.9976 -4260 -18172.002 319.99988 51.5 3
5E 1 11286 64000 -3196.3381 -3560.4702 -15850.365 0.9998779 13 13
47 3 32768 4 -2559.9976 -4260 -18522.002 319.99988 51.5 3
53 0 18867 0 -2155.0586 -2395 -11820.262 0 0 1
47 3 32768 5 -684.99744 -4020 -21701.996 -0.00012207031 51.5 3
0 0 0 0 -2428.5032 -2305.5005 -11920.004 0 0 0
6 0 49152 0 -1397.9954 -4219.381 -19145.004 9.799994 35 0.099999905
47 4 32768 16 -1389.9952 -1990 -6370.098 0 90 3
45 0 0 0 -2559.9963 -2260 -12024.996 0 0 1
0 0 0 0 -1942.8558 -3992.2817 -19166.148 0 0 0
53 0 8848 0 -2058.6057 -2430 -11823.885 0 0 1
5C 0 0 0 -2749.9985 -4090.0005 -18560 -0.40999988 0 0
A 0 16384 0 -804.99884 -4160.0005 -20654.496 2 -3800 -18700
51 61402 61476 730 -2598.2507 -3029.7732 -14337.136 240 130 2
B 0 2048 1898 -2580.0366 -2257.0703 -12664.758 1 15 -2
59 49152 40960 0 -2595.3823 -4138.8423 -17243.451 -28.000122 15 0
1B 0 16384 0 -2135.0034 -2430 -11969.998 0 0 0
53 0 63387 0 -2530.095 -2400.0002 -10507.471 0 0 1
1B 0 49152 0 -2235.099 -2395 -11959.999 0 2 100
5E 0 16406 58368 -15.197734 -1831.753 -4685.575 4.999878 15 15
1B 0 49152 0 -2235.099 -2395 -11880.099 0 2 100
53 0 15006 0 -1939.3031 -2465 -11821.012 0 0 1
4E 0 0 0 -2294.9968 -2360 -12007.4 0 0 0.04
0 0 0 0 -2441.0718 -4247 -18264.352 0 0 0
A 0 0 0 -2540.0005 -2240 -11012.999 4 0 -7.4505806E-08
0 0 0 0 -2380.0037 -2344.5005 -11920.004 0 0 0
0 0 0 0 -2407.0037 -2327.5005 -11920.004 0 0 0
4E 0 0 0 -1859.9988 -2465 -11831.498 0 0 0
53 0 16484 0 -2130.9082 -2430 -11960.546 0 0 1
3A 1 495 80 -1233.0013 -2464.9998 -11919.135 0.99999684 1.5999991 82
4C 0 0 0 0.0024650842 -1908 -6125.9995 30 2 30
41 0 49152 10 -1044.9968 -1855 -6469.9985 -1350 -1810 -6470
4E 0 16384 0 -2029.2032 -2465 -11920.098 0.6999999 0.070000015 0.29999998
1B 0 0 0 -2580.0105 -2240 -10989.899 6 0 -7.4505806E-08
5A 0 65136 0 -2539.8174 -4214.7036 -18655.771 -0.49999985 0 1
5E 144 16 0 -2114.0193 -2315 -11954.796 4.999878 15 15
3A 1 33350 144 -445.99536 -2237.9739 -11990.799 1.3411045E-07 1.6000001 200
1B 0 0 0 -2560.0105 -2240 -11009.899 6 0 -7.4505806E-08
0 0 0 0 -1728.7361 -3768.1045 -19271.49 0 0 0
7 65473 45568 2113 -2515.6213 -3325.5518 -15206.016 8.999878 15 5
2 0 0 16384 -1294.6107 -2457.9998 -11919.663 29.999996 0 8
19 0 0 0 -0.07485026 -1920 -6327.332 0 0 0
5E 8 4353 1 179.38898 -778.16046 -2284.6147 10.999878 14 14
50 0 16384 56832 -2635.1487 -1916.0188 -9681.295 0 0 0
4C 0 49152 0 -565.0005 -1797 -6470.0015 0 0 0
7 4286 43612 4405 449.0937 -985.99884 -2908.1533 14 30 8
0 0 0 0 -2696.329 -2989.9985 -14287.515 0 0 0
50 60199 12457 60488 -2844.0496 -3713.6768 -16215.543 120 130 1
49 65452 19301 2597 1263.7473 -3924.947 -22249.88 0 0 1
11 1 0 0 -2235.1057 -3980 -21850 -2.861023E-06 0 0
0 0 0 0 -1691.9374 -3768.1045 -19284.283 0 0 0
7 7653 26922 54569 -504.8236 -1353.8126 -3929.6934 12 30 8
0 0 0 0 -1849.9072 -3808.2817 -19228.93 0 0 0
4 53504 11901 32768 -2758.7793 -3669.9026 -16150.12 9 0.99999857 0
4E 0 49152 0 -450.40506 -2264.101 -11840.592 0.60000014 -0.0499997 -0.09999999
1 0 16384 0 -109.00204 -1801 -6469.9995 30 0 8
47 4 32768 16 -1389.9952 -1930 -6370.098 0 90 3
46 0 36881 1 -1550.3774 -1860.0002 -6470.1006 481 0.6999999 2.0000005
3A 1 49152 112 -2560.004 -1680.0002 -8507.969 0 1.4999999 3
53 0 64504 0 -1435.9272 -2350 -11961.97 0 0 1
7 3561 41897 10360 -342.82272 -324.81485 -1336.0839 9 30 0
4E 0 49152 0 -450.40506 -2264.101 -12000.592 0.60000014 -0.0499997 -0.09999999
10 1 32768 0 -1704.9972 -2300 -11847.998 0.6999942 3.1000009 1.4999999
47 4 16384 16 -785.0035 -4279 -20654.996 0.99999714 1.2999998 110.5
4E 0 0 0 -1294.9994 -2464.9712 -11830.298 0.4999999 -0.3 -0.10000002
47 4 16384 16 -1484.9952 -1900 -6464.997 0 90 3
4E 0 0 0 -1859.9988 -2465 -12007.896 0 0 0
7 621 43612 1960 441.5223 -992.6517 -2892.0586 14 30 8
B 0 31274 8192 -324.25095 -1405.6458 -4071.8237 4 30 8
4 512 16568 53760 -1809.9917 -3969.9998 -21900.914 180 6.5 2
0 0 0 0 -2000.4388 -3117.8984 -14709.527 0 0 0
B 16384 0 0 0.09761416 -1942 -5049.999 2 1.4901161E-08 0
21 17 59476 176 -1999.9214 -2465 -11837.01 6.999878 -28.5 103
4B 33 0 0 -2664.9956 -1650.09 -7220.0015 0 0 0
23 0 0 0 -1450.004 -2009 -6414.9966 0 0 0
0 0 0 0 -640.9957 -4210 -19124.998 0 0 0
5E 5 40982 0 -2593.731 -4140.8423 -17242.322 13.999878 1 14
3E 5 1 0 -2.0724354 286 3.5957487 30 2 30
E 1 16384 0 -2191.5017 -3956.001 -21870.004 8.999997 20 2
A 0 16384 0 -804.99884 -4160.0005 -20622.496 1 -3800 -18700
7 61168 36864 3072 -3191.935 -2848.0017 -13619.052 11.399876 15 0
30 0 49152 0 -2133.2817 -2417.4976 -11920.066 28 5 4
57 0 0 0 -2501.5127 -1730.0002 -8443.549 0 0 1
4 31488 0 0 -2594.0034 -4063.9995 -17255.055 49 -1.0000019 0
53 0 49252 0 -2056.4773 -2430 -12019.35 0 0 1
5A 0 6400 0 -2539.1597 -1593 -8624.874 -0.3 -0.1 0
10 1 32768 0 -1704.9972 -2300 -11992.998 0.6999942 3.1000009 1.4999999
0 0 0 0 -1704.9972 -2440 -11992.998 0 0 0
54 128 16384 65492 -1779.7788 -4225.661 -19428.006 120 130 0
0 0 0 0 -1704.9972 -2440 -11847.998 0 0 0
0 0 0 0 -1704.9972 -2415 -11992.998 0 0 0
7 0 32768 0 -2548.0012 -4260 -17293.004 8.999997 20 2
7 65172 49920 51564 -2800.1377 -1780.7566 -6435.5015 8.999878 51 3
7 0 32768 0 -2572.0012 -4260 -17293.004 8.999997 20 2
4A 0 0 0 -1005.0045 -3799.7173 -21869.996 1.3411045E-07 0 0
11 1 0 0 -2235.0957 -3980 -21886.805 -2.861023E-06 0 0
5A 0 49152 0 -2087.1086 -1825.5022 -6449.557 -0.49999985 0 1
21 33 46502 256 -2550.424 -4150 -18585.713 5 -3540 -18700
4B 33 0 0 -2454.9956 -1670.09 -7220.0015 0 0 0
42 1 49152 0 -2245.0046 -3970 -21870 8.999997 20 2
11 1 0 0 -2235.1057 -3980 -21868.004 -2.861023E-06 0 0
